0.025000 1.960000
0.075000 1.646000
0.125000 1.656000
0.175000 1.404000
0.225000 1.250000
0.275000 1.090000
0.325000 1.004000
0.375000 0.996000
0.425000 0.892000
0.475000 0.724000
0.525000 0.732000
0.575000 0.690000
0.625000 0.574000
0.675000 0.512000
0.725000 0.442000
0.775000 0.414000
0.825000 0.342000
0.875000 0.372000
0.925000 0.336000
0.975000 0.302000
1.025000 0.274000
1.075000 0.236000
1.125000 0.208000
1.175000 0.210000
1.225000 0.152000
1.275000 0.130000
1.325000 0.128000
1.375000 0.104000
1.425000 0.132000
1.475000 0.104000
1.525000 0.094000
1.575000 0.096000
1.625000 0.080000
1.675000 0.074000
1.725000 0.050000
1.775000 0.054000
1.825000 0.056000
1.875000 0.046000
1.925000 0.042000
1.975000 0.038000
2.025000 0.032000
2.075000 0.032000
2.125000 0.024000
2.175000 0.026000
2.225000 0.006000
2.275000 0.024000
2.325000 0.020000
2.375000 0.014000
2.425000 0.014000
2.475000 0.016000
2.525000 0.010000
2.575000 0.014000
2.625000 0.016000
2.675000 0.004000
2.725000 0.008000
2.775000 0.010000
2.825000 0.010000
2.875000 0.008000
2.925000 0.006000
2.975000 0.012000
3.025000 0.002000
3.075000 0.006000
3.125000 0.000000
3.175000 0.000000
3.225000 0.004000
3.275000 0.002000
3.325000 0.004000
3.375000 0.004000
3.425000 0.006000
3.475000 0.000000
3.525000 0.006000
3.575000 0.002000
3.625000 0.000000
3.675000 0.000000
3.725000 0.000000
3.775000 0.002000
3.825000 0.002000
3.875000 0.000000
3.925000 0.000000
3.975000 0.000000
4.025000 0.002000
4.075000 0.002000
4.125000 0.000000
4.175000 0.000000
4.225000 0.000000
4.275000 0.000000
4.325000 0.000000
4.375000 0.000000
4.425000 0.000000
4.475000 0.000000
4.525000 0.000000
4.575000 0.000000
4.625000 0.000000
4.675000 0.002000
4.725000 0.000000
4.775000 0.000000
4.825000 0.000000
4.875000 0.000000
4.925000 0.000000
4.975000 0.002000
